% Model:       generate_showcase_field.py (synthetic, not a real COMSOL export)
% Version:     n/a
% Date:        generated by cliffordclock/examples
% Dimension:   3
% Nodes:       729
% Expressions: 3
% Description: Finite-difference Laplace solve, asymmetric two-electrode chamber + patch-potential wall spot
% Length unit: mm
% X    Y    Z    es.Ex (V/m)   es.Ey (V/m)   es.Ez (V/m)
8.61 8.61 4.92 43.93292454799634 -76.78549708729157 20.752288267457264
8.61 8.61 5.74 44.05302560287703 -68.77483553351338 34.06558020393296
8.61 8.61 6.56 44.32989052315351 -59.39372814462266 42.93926053455343
8.61 8.61 7.379999999999999 45.52867642913347 -50.057691067593204 47.9658763824621
8.61 8.61 8.2 48.0998788067992 -41.51326541795446 49.71773176404609
8.61 8.61 9.02 52.19053734009821 -34.056978416547715 48.460347708740954
8.61 8.61 9.84 57.587770895133794 -27.719483960691583 44.0503920453444
8.61 8.61 10.66 63.54500444580101 -22.38756683058232 35.993952129388724
8.61 8.61 11.48 68.5205149691708 -17.879974843324373 23.75605008761828
8.61 9.43 4.92 58.833699497611434 -100.0249528410664 29.655887867449763
8.61 9.43 5.74 55.75960562417348 -86.65477633320538 45.190002794576664
8.61 9.43 6.56 53.08111910655881 -72.90774695957604 54.16067266589658
8.61 9.43 7.379999999999999 51.81082684738544 -60.4272298744475 58.194700881022456
8.61 9.43 8.2 52.416395377868675 -49.79682544067164 58.54293385697098
8.61 9.43 9.02 54.97512915608607 -41.04618058280554 55.852086973912016
8.61 9.43 9.84 59.19254193810661 -33.94330866529248 50.17531808533552
8.61 9.43 10.66 64.26015914061537 -28.140976535999016 41.11067953455152
8.61 9.43 11.48 68.59996969650622 -23.252589017163256 28.151017104408105
8.61 10.25 4.92 80.64176099286344 -127.47983881877717 45.89730110683509
8.61 10.25 5.74 71.64781016876252 -105.57201043624204 62.36300352011215
8.61 10.25 6.56 64.14483516633547 -85.87449124278847 69.68361412765769
8.61 10.25 7.379999999999999 59.19154144608184 -69.62271837659907 71.22640184894857
8.61 10.25 8.2 57.032796406997214 -56.75963747655098 69.07052147507083
8.61 10.25 9.02 57.50363735390907 -46.78759095278704 64.20487458715695
8.61 10.25 9.84 60.125981468161335 -39.090955601208165 56.81131981654226
8.61 10.25 10.66 63.98349101516028 -33.03657627069776 46.5292361595612
8.61 10.25 11.48 67.45991513930768 -28.00385098086352 32.84469250887093
8.61 11.07 4.92 112.34632523440102 -156.70669635814008 74.51264307042214
8.61 11.07 5.74 92.65306545342641 -122.68138843677065 87.9175884399478
8.61 11.07 6.56 77.69449756852124 -96.06555347782988 90.29928352434166
8.61 11.07 7.379999999999999 67.61616076436059 -76.08446503286159 87.1628047280201
8.61 11.07 8.2 61.85066797243676 -61.330222576953574 81.13800689877905
8.61 11.07 9.02 59.67951791798685 -50.52437800166281 73.26791810021487
8.61 11.07 9.84 60.28391918389923 -42.59917139647177 63.6800894804802
8.61 11.07 10.66 62.571078060348604 -36.6317612909292 51.96251461075018
8.61 11.07 11.48 64.8840769126133 -31.774918499913504 37.55768645642902
8.61 11.889999999999999 4.92 156.4053421667613 -179.44774859455563 121.25274998047584
8.61 11.889999999999999 5.74 118.67430255835451 -132.53489458942167 122.92723371506564
8.61 11.889999999999999 6.56 93.22488867438722 -100.3130599880764 115.5957415652799
8.61 11.889999999999999 7.379999999999999 76.66613440310846 -77.97417089927167 105.31145865547526
8.61 11.889999999999999 8.2 66.59963629154379 -62.380113158952256 94.11550150612969
8.61 11.889999999999999 9.02 61.34927111735449 -51.49010128521697 82.53210424686965
8.61 11.889999999999999 9.84 59.58173856850034 -43.868772088066656 70.37012677605081
8.61 11.889999999999999 10.66 59.954704251000685 -38.38371772531021 57.05861677404467
8.61 11.889999999999999 11.48 60.76962122932805 -34.02454753608168 41.97230985262108
8.61 12.709999999999999 4.92 209.8359961957298 -178.90311530029427 184.81708187566247
8.61 12.709999999999999 5.74 147.06017782699914 -128.1491446469079 163.87668859596553
8.61 12.709999999999999 6.56 109.17575844697065 -95.54330483996455 142.88801287555452
8.61 12.709999999999999 7.379999999999999 85.4903101060319 -73.78730386385674 123.90618860377899
8.61 12.709999999999999 8.2 70.84736399792905 -59.066453966575274 106.86876783810723
8.61 12.709999999999999 9.02 62.341052005734106 -49.11957626437342 91.26678211154045
8.61 12.709999999999999 9.84 58.02469413556148 -42.42299705637868 76.40324425566088
8.61 12.709999999999999 10.66 56.267846964064205 -37.794725054562676 61.48688585890998
8.61 12.709999999999999 11.48 55.33822541963289 -34.17384844034796 45.82503817857604
8.61 13.530000000000001 4.92 257.2984994073837 -144.25557912110912 242.38608327530156
8.61 13.530000000000001 5.74 172.2180647619255 -106.80918944146156 200.83103444912226
8.61 13.530000000000001 6.56 123.16401704034102 -80.89617808858462 167.42625938866658
8.61 13.530000000000001 7.379999999999999 92.97516969618802 -63.16918842555136 140.43436520947986
8.61 13.530000000000001 8.2 74.08864495228352 -51.195330012048196 117.97414848023443
8.61 13.530000000000001 9.02 62.50714025165622 -43.26249452696996 98.64566422120383
8.61 13.530000000000001 9.84 55.729178648278854 -38.09536383281684 81.31088026612157
8.61 13.530000000000001 10.66 51.867208570570185 -34.640299683596865 64.99274279187328
8.61 13.530000000000001 11.48 49.18322343630735 -31.91392827954768 48.955865390073164
8.61 14.35 4.92 285.57939934468106 -93.79993058188658 273.07700786115174
8.61 14.35 5.74 189.50282861960187 -74.52845582239486 225.29983605911525
8.61 14.35 6.56 133.16328073895522 -58.70975481321804 185.11945671247636
8.61 14.35 7.379999999999999 98.14801126440005 -47.18367630787599 152.66662894674423
8.61 14.35 8.2 75.88594786587048 -39.3313702090778 126.13920180924288
8.61 14.35 9.02 61.748920619041925 -34.265286394906255 103.91803454051009
8.61 14.35 9.84 52.86704065439876 -31.128903656776252 84.68313834955248
8.61 14.35 10.66 47.186599072469235 -29.115991276561278 67.37611132183027
8.61 14.35 11.48 43.005917018997195 -27.425676601928917 51.253300474841446
8.61 15.17 4.92 298.10368653659555 -45.74045268325952 284.28943175420454
8.61 15.17 5.74 198.39466751063102 -38.947141531144275 237.24397923921126
8.61 15.17 6.56 138.39150198854426 -32.46422518726579 194.71787113201228
8.61 15.17 7.379999999999999 100.47232330207308 -27.632736065257184 159.45020968788108
8.61 15.17 8.2 75.9662443313664 -24.548056452694535 130.52400044482815
8.61 15.17 9.02 60.016242190130754 -22.866192696509405 106.53403487720153
8.61 15.17 9.84 49.58271113475492 -22.11494570758461 86.18973150735492
8.61 15.17 10.66 42.55097267495333 -21.773677126228023 68.44622888000887
8.61 15.17 11.48 37.293176761062135 -21.283999124174457 52.578926881917724
9.43 8.61 4.92 47.47866862506672 -64.17102847521691 21.507312224164863
9.43 8.61 5.74 48.32874148338393 -58.437235390210155 34.478007940825485
9.43 8.61 6.56 49.39245064722853 -51.3159537700507 43.985958483034516
9.43 8.61 7.379999999999999 51.565555990001556 -43.96988745874901 50.337261842323755
9.43 8.61 8.2 55.508152216868226 -37.0728585739261 53.82866759289711
9.43 8.61 9.02 61.6568561051126 -30.936577864010502 54.42884722313068
9.43 8.61 9.84 70.14540951918939 -25.634941110404164 51.54682842731013
9.43 8.61 10.66 80.49495822913957 -21.095581653296588 43.88836785969569
9.43 8.61 11.48 90.92333533835225 -17.167391283472504 29.630030307462064
9.43 9.43 4.92 62.34580917516177 -81.91746023169671 27.42662033415556
9.43 9.43 5.74 60.27640167365636 -72.76601408064907 42.52958916309154
9.43 9.43 6.56 58.53046741909897 -62.763234237821415 52.4885340564769
9.43 9.43 7.379999999999999 58.27354385631445 -53.32948118306894 58.32570076240624
9.43 9.43 8.2 60.21648882270816 -45.09624779088833 60.865953429479994
9.43 9.43 9.02 64.75539723257526 -38.21751318806482 60.414079355829706
9.43 9.43 9.84 71.9674417323906 -32.57454643671115 56.58266169753658
9.43 9.43 10.66 81.33722374196073 -27.88940557940383 48.19512765801001
9.43 9.43 11.48 91.07075474979251 -23.79871830273326 33.4749175736026
9.43 10.25 4.92 83.3051220972575 -101.45091136815074 37.77649304976687
9.43 10.25 5.74 76.01749723833196 -87.14371597071053 54.44655208068087
9.43 10.25 6.56 69.79350287602061 -73.34507923136023 63.81933299951515
9.43 10.25 7.379999999999999 65.96529083682489 -61.463147913061185 68.13936586623562
9.43 10.25 8.2 65.11492875154022 -51.841401123652616 68.92899738086295
9.43 10.25 9.02 67.45316676638998 -44.33328871958227 66.85500527241543
9.43 10.25 9.84 72.91039872590625 -38.56482379206459 61.72631743111744
9.43 10.25 10.66 80.89890341332864 -34.02899725297558 52.48566619865628
9.43 10.25 11.48 89.63101016945132 -30.12247570584422 37.41224431711464
9.43 11.07 4.92 112.41749459867708 -120.24842671011653 54.95277134880974
9.43 11.07 5.74 96.20002504424839 -99.26082387338137 71.42187798971031
9.43 11.07 6.56 83.26236412759022 -81.29346405563152 78.37656482206265
9.43 11.07 7.379999999999999 74.54481876838165 -67.09888376234345 79.77847140787713
9.43 11.07 8.2 70.0706104562517 -56.391158378892385 77.8421925673992
9.43 11.07 9.02 69.60360556897959 -48.59458649583896 73.49056475354497
9.43 11.07 9.84 72.77654883319042 -43.058297221560906 66.65124031346501
9.43 11.07 10.66 78.85494114478878 -39.06739644793226 56.3695238952025
9.43 11.07 11.48 86.06790067365591 -35.79112599186297 41.022532611231604
9.43 11.889999999999999 4.92 150.67687678381677 -132.54999429068423 80.78021063109875
9.43 11.889999999999999 5.74 120.47050391976502 -105.3542244537997 93.62913258530332
9.43 11.889999999999999 6.56 98.39253151198002 -84.30362766737554 95.71911451470132
9.43 11.889999999999999 7.379999999999999 83.58047734248197 -68.80329505512833 92.6929976949915
9.43 11.889999999999999 8.2 74.7968244527398 -57.78280406617671 87.11038176467807
9.43 11.889999999999999 9.02 71.0237270259464 -50.25872278477171 79.8978765721368
9.43 11.889999999999999 9.84 71.41661109042629 -45.36912332171651 70.96826540683524
9.43 11.889999999999999 10.66 74.98692992182876 -42.26722916368485 59.43951924399491
9.43 11.889999999999999 11.48 79.96019420614421 -39.9655361261445 43.86252644537522
9.43 12.709999999999999 4.92 194.6855105626071 -129.69660839141463 113.0490472142706
9.43 12.709999999999999 5.74 146.40549868631447 -101.25427829233364 118.66925149256868
9.43 12.709999999999999 6.56 113.73573900885977 -80.29856505513425 114.03177329222193
9.43 12.709999999999999 7.379999999999999 92.25953286608022 -65.43947128629088 105.64750360433605
9.43 12.709999999999999 8.2 78.87775909954341 -55.28818924249835 95.92720067984546
9.43 12.709999999999999 9.02 71.56179941524123 -48.732622053322565 85.56645963038196
9.43 12.709999999999999 9.84 68.87127675885272 -44.858334042908 74.35998944661628
9.43 12.709999999999999 10.66 69.47748218546138 -42.78825564385459 61.48073326172473
9.43 12.709999999999999 11.48 71.56405246926326 -41.47526371304995 45.7303798952307
9.43 13.530000000000001 4.92 234.17094356188764 -107.56355774570662 142.35923753565623
9.43 13.530000000000001 5.74 169.51483774969591 -85.54790734449213 141.28283609045462
9.43 13.530000000000001 6.56 127.17558740962971 -68.7150686328845 130.38105813386048
9.43 13.530000000000001 7.379999999999999 99.54482771750001 -56.72534074677993 116.95958109293571
9.43 13.530000000000001 8.2 81.85227407185086 -48.71097309391789 103.32948098442114
9.43 13.530000000000001 9.02 71.1420993797235 -43.809797530891096 89.99476290547437
9.43 13.530000000000001 9.84 65.41132703654017 -41.23064341259271 76.6564563263446
9.43 13.530000000000001 10.66 63.00479354261649 -40.15791967900751 62.56732874026148
9.43 13.530000000000001 11.48 62.08598333771574 -39.57850176903871 46.818751466376675
9.43 14.35 4.92 260.2626861566702 -73.92353767322031 160.43225889623338
9.43 14.35 5.74 185.94763802968842 -61.48313808625001 156.92140802489325
9.43 14.35 6.56 136.86059419336237 -51.03141415610828 142.19002058390237
9.43 14.35 7.379999999999999 104.51647826325721 -43.417024256811466 125.12100956829526
9.43 14.35 8.2 83.32746593593866 -38.49287149537871 108.45308710217394
9.43 14.35 9.02 69.75352458175331 -35.787843981819016 92.75956862869293
9.43 14.35 9.84 61.398340730362484 -34.72517502484978 77.77179554983623
9.43 14.35 10.66 56.39349213528405 -34.6218453073631 62.87227298113193
9.43 14.35 11.48 52.961576130150405 -34.59646583445352 47.42208192501838
9.43 15.17 4.92 273.1716683092602 -38.18011912071193 168.21677747371038
9.43 15.17 5.74 194.71140405137027 -33.65915838019214 164.80048393914774
9.43 15.17 6.56 141.9258616225374 -29.62779676427633 148.4153791825749
9.43 15.17 7.379999999999999 106.62803193418208 -26.887503965442377 129.27722560675502
9.43 15.17 8.2 83.05163731783792 -25.542952973219386 110.71960243914835
9.43 15.17 9.02 67.40549332410693 -25.379790257166853 93.54153759525185
9.43 15.17 9.84 57.098281363249406 -26.027621782581804 77.59819588425773
9.43 15.17 10.66 50.18402142898496 -26.981113753643182 62.426286362193984
9.43 15.17 11.48 45.006251448974226 -27.568825504304424 47.593199441061074
10.25 8.61 4.92 47.71976695993584 -51.97887689772875 23.09514435181315
10.25 8.61 5.74 49.501273517153294 -48.219095579402484 35.782280925441796
10.25 8.61 6.56 51.58467253935076 -43.14930837065708 46.041301568394935
10.25 8.61 7.379999999999999 54.953348554700206 -37.680030741413894 54.00036726741897
10.25 8.61 8.2 60.494147206792434 -32.39093596691744 59.8003416619751
10.25 8.61 9.02 69.05262958575287 -27.58353874543207 63.25596870813077
10.25 8.61 9.84 81.43357381161749 -23.350067786228728 63.45799484956685
10.25 8.61 10.66 98.12457012738413 -19.633178197449478 58.201905274667055
10.25 8.61 11.48 118.16510203564303 -16.288138237795405 43.35889783386093
10.25 9.43 4.92 61.21665141745912 -65.12641141767777 26.54797804077273
10.25 9.43 5.74 60.65308770085151 -59.494472188698786 41.14318612239232
10.25 9.43 6.56 60.3407111073472 -52.80008194734991 52.051332224028236
10.25 9.43 7.379999999999999 61.532381917282564 -46.192132905342 59.85024611582213
10.25 9.43 8.2 65.20276336484736 -40.281659565692934 65.06662680762616
10.25 9.43 9.02 72.19890352424572 -35.29193237327566 67.80229300144102
10.25 9.43 9.84 83.31073138951209 -31.173360706256062 67.35765296679749
10.25 9.43 10.66 99.03758731009678 -27.671698723607847 61.674721461418464
10.25 9.43 11.48 118.46120073335108 -24.39631029663057 46.68038546146224
10.25 10.25 4.92 79.30622732567487 -78.49814908414783 32.30252862833769
10.25 10.25 5.74 74.77794863281068 -70.16724471288713 48.637760115751526
10.25 10.25 6.56 70.7867843170824 -61.39364848947195 59.63463967476586
10.25 10.25 7.379999999999999 68.8487750612105 -53.48132511014097 66.63331982038493
10.25 10.25 8.2 69.92897887315932 -46.97592164231468 70.69352345875272
10.25 10.25 9.02 74.77755853515941 -41.97188850102875 72.2639521344543
10.25 10.25 9.84 84.10331165653821 -38.27587604517847 70.89546395821003
10.25 10.25 10.66 98.4034180988726 -35.45520711264999 64.73584362729115
10.25 10.25 11.48 116.86206463001245 -32.84869645840591 49.83574772611927
10.25 11.07 4.92 102.95428945128027 -90.01633422974416 41.32646921277101
10.25 11.07 5.74 92.13994559544723 -78.49225916999718 58.770073352989534
10.25 11.07 6.56 82.88052897384232 -67.5831817156451 68.93621949077806
10.25 11.07 7.379999999999999 76.76224514038722 -58.53424254877542 74.28252216160783
10.25 11.07 8.2 74.50705106582178 -51.694580576100385 76.48670405735784
10.25 11.07 9.02 76.58339874662153 -46.99432439081526 76.33216626050856
10.25 11.07 9.84 83.4799166084459 -44.134814684751 73.60893459244586
10.25 11.07 10.66 95.59954121330605 -42.591003119730985 66.72629381999519
10.25 11.07 11.48 112.24590478442205 -41.49285884088451 52.030512770118605
10.25 11.889999999999999 4.92 131.9971320882229 -96.1497604307994 53.966927151791594
10.25 11.889999999999999 5.74 112.17797302938642 -82.05181077366899 71.37595535782383
10.25 11.889999999999999 6.56 96.07599981709038 -69.76810792785093 79.57980082997992
10.25 11.889999999999999 7.379999999999999 84.8608434134713 -60.2542292781219 82.39246959786927
10.25 11.889999999999999 8.2 78.65375096530065 -53.60069224128016 82.0698158574486
10.25 11.889999999999999 9.02 77.40309020022099 -49.59480664475635 79.6345141847802
10.25 11.889999999999999 9.84 81.17974839583654 -47.901584301990255 75.04152388393805
10.25 11.889999999999999 10.66 90.08199050126531 -48.02388124788217 66.97373259993856
10.25 11.889999999999999 11.48 103.36410253062567 -49.04942759481866 52.31027923972862
10.25 12.709999999999999 4.92 163.6089225181812 -92.81495769908638 68.78089728172134
10.25 12.709999999999999 5.74 132.96996202593567 -78.5322953893109 85.04566702895679
10.25 12.709999999999999 6.56 109.17998065820004 -66.6135724578616 90.45951525709152
10.25 12.709999999999999 7.379999999999999 92.45038159043268 -57.79188408738554 90.18590551203992
10.25 12.709999999999999 8.2 82.01360500211196 -52.033759348064194 86.94182062917763
10.25 12.709999999999999 9.02 77.12635774877158 -49.08185401700285 81.88180114921504
10.25 12.709999999999999 9.84 77.27848799367824 -48.61690181011546 75.04155165968908
10.25 12.709999999999999 10.66 82.02517406958707 -50.19787082965715 65.34703733809826
10.25 12.709999999999999 11.48 90.23329105355178 -52.938083170393476 50.38069306147097
10.25 13.530000000000001 4.92 192.03531494547656 -78.51703069844362 82.18688726733902
10.25 13.530000000000001 5.74 151.4609671773762 -67.24222887363544 97.25396620936522
10.25 13.530000000000001 6.56 120.56371747830809 -57.764376741631175 99.94487272585613
10.25 13.530000000000001 7.379999999999999 98.68441357119373 -50.91657434319838 96.67154754090168
10.25 13.530000000000001 8.2 84.2317004932468 -46.7737313602352 90.58250767791228
10.25 13.530000000000001 9.02 75.7975216445355 -45.14578143503346 82.9526295940499
10.25 13.530000000000001 9.84 72.28561716406129 -45.73927407629901 73.89424137075855
10.25 13.530000000000001 10.66 72.67820488276229 -48.093467141163806 62.594057283519696
10.25 13.530000000000001 11.48 75.43161542984994 -51.25629396432431 47.41654986620372
10.25 14.35 4.92 212.2589632445568 -56.40507537137867 91.06149610465668
10.25 14.35 5.74 164.95919624503975 -49.8211650714103 105.78310855980412
10.25 14.35 6.56 128.76891009084406 -44.10435078884055 106.58275309042294
10.25 14.35 7.379999999999999 102.80629532800934 -40.14578352653021 100.96574510155615
10.25 14.35 8.2 85.02140765630965 -38.160019151548696 92.5584936236793
10.25 14.35 9.02 73.54632915207684 -38.04861507022501 82.82719868082826
10.25 14.35 9.84 66.85612788219322 -39.53920220925331 72.03040095742918
10.25 14.35 10.66 63.56048618222204 -42.131542366371626 59.67076617336988
10.25 14.35 11.48 62.00621516747181 -44.86051379019114 44.834860445847674
10.25 15.17 4.92 223.1541385445044 -30.937545495325864 95.03140252116128
10.25 15.17 5.74 172.34427676437838 -28.860131769966888 109.89365246384075
10.25 15.17 6.56 132.98172010503012 -27.19140587508035 109.65054497218271
10.25 15.17 7.379999999999999 104.33099990522817 -26.50712057421904 102.53243845622508
10.25 15.17 8.2 84.19516379784665 -26.97712865843927 92.57545576238329
10.25 15.17 9.02 70.47505176196466 -28.530971735635813 81.46553819997305
10.25 15.17 9.84 61.42105975008605 -30.920932766966732 69.6541935427823
10.25 15.17 10.66 55.501276437896536 -33.67368758583149 56.95685497554059
10.25 15.17 11.48 51.1732378781131 -35.96332843501556 42.98355682114839
11.07 8.61 4.92 45.30979169012881 -41.03433613210648 25.551948763171747
11.07 8.61 5.74 47.971416216084954 -38.81509284789054 38.07157856198296
11.07 8.61 6.56 51.02811248739535 -35.44816651729151 49.18863676627407
11.07 8.61 7.379999999999999 55.484487991751216 -31.61415417916634 58.99297083480246
11.07 8.61 8.2 62.403671568197716 -27.784628355810277 67.65025573936799
11.07 8.61 9.02 73.04871867157782 -24.22399065421284 75.11099816135369
11.07 8.61 9.84 89.12014868661988 -21.010090636115617 80.6526724931582
11.07 8.61 10.66 113.02687821090323 -18.058530194383245 81.8705591933453
11.07 8.61 11.48 147.5762636034265 -15.178933035446304 72.19207200109769
11.07 9.43 4.92 56.82449923552711 -50.7743356432156 27.199140762456288
11.07 9.43 5.74 57.76448372757364 -47.761990067608316 41.30139528554543
11.07 9.43 6.56 58.92991802957069 -43.72147802386508 53.102994372888176
11.07 9.43 7.379999999999999 61.56546492391381 -39.52485203349448 62.95224181039502
11.07 9.43 8.2 66.8432111792619 -35.70433300922755 71.2831543537298
11.07 9.43 9.02 76.06627515181718 -32.49048090548986 78.28959985922201
11.07 9.43 9.84 90.96926263242729 -29.841838108277187 83.47320174846058
11.07 9.43 10.66 114.04605980462965 -27.448791831840584 84.6246948547864
11.07 9.43 11.48 148.26379508666633 -24.77981095482637 75.23873549004242
11.07 10.25 4.92 71.44759136756889 -59.975217770353815 29.80507420641316
11.07 10.25 5.74 69.63911460556608 -55.80058424879 45.46028677990312
11.07 10.25 6.56 68.01545758940775 -50.88292938102968 57.63294062318407
11.07 10.25 7.379999999999999 68.09592337163008 -46.2734496952324 67.09930214283247
11.07 10.25 8.2 71.12182566822011 -42.5486432806173 74.66717619505297
11.07 10.25 9.02 78.37957958176294 -39.92380776989742 80.84225565317769
11.07 10.25 9.84 91.60056265580977 -38.30428842845383 85.4296929999052
11.07 10.25 10.66 113.3912955128008 -37.240656313658 86.55189685418487
11.07 10.25 11.48 147.04460857705774 -35.844344075861216 77.94167231157125
11.07 11.07 4.92 89.44899415555825 -67.14414255121025 33.74084534808336
11.07 11.07 5.74 83.58739662190041 -61.67994434999602 50.736522518386934
11.07 11.07 6.56 78.15149858858847 -55.9292620496635 62.803728884448255
11.07 11.07 7.379999999999999 74.9048433819524 -51.05609487259058 71.33445744098245
11.07 11.07 8.2 75.0488582415646 -47.65040035958232 77.57875382529535
11.07 11.07 9.02 79.72681266489637 -45.94870340322962 82.35824694482696
11.07 11.07 9.84 90.53351853700407 -45.93357012035472 85.78840268000532
11.07 11.07 10.66 110.07137800996917 -47.26245126500797 86.4426138820765
11.07 11.07 11.48 142.01201501011118 -48.956693378062354 78.69464859358062
11.07 11.889999999999999 4.92 110.26061569401051 -70.24255721813041 39.00727264865875
11.07 11.889999999999999 5.74 99.0173931073144 -63.89277441276455 56.94893919478941
11.07 11.889999999999999 6.56 88.84368105068741 -57.759589558199295 68.35574287469397
11.07 11.889999999999999 7.379999999999999 81.62503039717772 -53.01910361763461 75.38393685054648
11.07 11.889999999999999 8.2 78.35737600121644 -50.24497771359183 79.72932406388384
11.07 11.889999999999999 9.02 79.86168630684512 -49.726478798809936 82.4503333001597
11.07 11.889999999999999 9.84 87.34792656767715 -51.64185429750745 83.84554351788678
11.07 11.889999999999999 10.66 102.98722860159218 -56.064655876925315 82.85350251468381
11.07 11.889999999999999 11.48 130.18848639691507 -62.60314270832514 74.85935078277095
11.07 12.709999999999999 4.92 131.92646539651324 -67.336315324206 44.89938362200267
11.07 12.709999999999999 5.74 114.54851374386939 -61.160961542491435 63.36991833791477
11.07 12.709999999999999 6.56 99.18824428035958 -55.50986637551147 73.69048245952443
11.07 12.709999999999999 7.379999999999999 87.71027949582617 -51.49957916493912 78.82847399475139
11.07 12.709999999999999 8.2 80.76899024694754 -49.6785075038534 80.87944763804892
11.07 12.709999999999999 9.02 78.7146392043755 -50.376362171740816 81.0302405980276
11.07 12.709999999999999 9.84 82.11605236285068 -53.91921652170999 79.56936392864118
11.07 12.709999999999999 10.66 92.10256801109772 -60.71376835521645 75.48511211020303
11.07 12.709999999999999 11.48 110.23999171787099 -70.9719923772947 64.96544203803984
11.07 13.530000000000001 4.92 151.32282348060602 -57.83407189278634 50.075672720004334
11.07 13.530000000000001 5.74 128.2406773747458 -53.12982302799643 68.86206780107291
11.07 13.530000000000001 6.56 108.03311751689787 -48.94326824308412 77.99874786498297
11.07 13.530000000000001 7.379999999999999 92.53367329941284 -46.28846881724744 81.19900257963788
11.07 13.530000000000001 8.2 82.05514091228535 -45.6789959136518 80.91399952459157
11.07 13.530000000000001 9.02 76.4609824708272 -47.42194513452338 78.42015697861041
11.07 13.530000000000001 9.84 75.62607069030902 -51.789207408906684 73.95563885976635
11.07 13.530000000000001 10.66 79.51907756494292 -59.01775818254833 66.53953691406744
11.07 13.530000000000001 11.48 87.68779075609748 -68.85277052720099 53.29891079552316
11.07 14.35 4.92 165.66133600646535 -43.06583485446936 53.35754050602721
11.07 14.35 5.74 138.3396859180829 -40.631989800933816 72.41357931809333
11.07 14.35 6.56 114.32870853609553 -38.58629392959835 80.56164147749355
11.07 14.35 7.379999999999999 95.53668174886789 -37.738543417129996 82.1046109853496
11.07 14.35 8.2 82.05713458460532 -38.509390088818925 79.81394455564589
11.07 14.35 9.02 73.38601456821405 -41.11018792984732 75.09593190289596
11.07 14.35 9.84 68.88440522523612 -45.62329988540407 68.26970067427203
11.07 14.35 10.66 67.79716553673539 -51.89943796123811 58.66404388505647
11.07 14.35 11.48 68.85935319131474 -59.08818336083957 44.63760819357211
11.07 15.17 4.92 173.72767829114184 -25.18233899032194 54.391956313131374
11.07 15.17 5.74 143.87579555467676 -25.135745504197782 73.56544403913998
11.07 15.17 6.56 117.40511732161784 -25.46553423267069 80.97944160874815
11.07 15.17 7.379999999999999 96.33820848907061 -26.635566871123643 81.30870183469753
11.07 15.17 8.2 80.67117650141556 -28.883216613866825 77.5736064740742
11.07 15.17 9.02 69.69134852720774 -32.28097270325633 71.34264980511816
11.07 15.17 9.84 62.487855395684434 -36.73436559081503 63.12922449045572
11.07 15.17 10.66 58.028558511762775 -41.857848221472764 52.69710141995647
11.07 15.17 11.48 54.997427438196226 -46.68252700399094 39.38830870029218
11.889999999999999 8.61 4.92 40.95443434214105 -31.66161876197618 28.700413795285787
11.889999999999999 8.61 5.74 44.245915859823754 -30.561869268499585 41.184356595248026
11.889999999999999 8.61 6.56 47.987261460808504 -28.52499733749911 53.213359346987524
11.889999999999999 8.61 7.379999999999999 53.11314495525266 -26.03860186146068 64.95802661581426
11.889999999999999 8.61 8.2 60.7169923309225 -23.465042565937246 76.77533193627457
11.889999999999999 8.61 9.02 72.24722719149233 -21.011798107816166 89.07112406841928
11.889999999999999 8.61 9.84 89.96779389912842 -18.710625843128305 102.10615010213787
11.889999999999999 8.61 10.66 118.10307455854229 -16.3978821020227 115.4637736430421
11.889999999999999 8.61 11.48 166.08870875546768 -13.739632848580596 125.49191576854602
11.889999999999999 9.43 4.92 50.43720518500363 -39.089093151659206 29.12860887801782
11.889999999999999 9.43 5.74 52.530075465201 -37.894093036200616 42.83351782809383
11.889999999999999 9.43 6.56 54.84681663024443 -35.85417126942332 55.46652933908697
11.889999999999999 9.43 7.379999999999999 58.51734390432076 -33.600425838126945 67.33598189477814
11.889999999999999 9.43 8.2 64.74624217950019 -31.558472679317088 78.98320530818751
11.889999999999999 9.43 9.02 75.04720631606105 -29.917230481037205 91.0288526523199
11.889999999999999 9.43 9.84 91.7592257800914 -28.57992525469094 103.9925355367492
11.889999999999999 9.43 10.66 119.26547734441274 -27.073098787012263 117.75383740560413
11.889999999999999 9.43 11.48 167.3352352455105 -24.49491156490815 128.83916792586248
11.889999999999999 10.25 4.92 61.86640186984838 -45.713480860517954 29.73072587109565
11.889999999999999 10.25 5.74 62.14292804137205 -44.24992459679695 44.63360663944365
11.889999999999999 10.25 6.56 62.43896594771029 -42.11749080337197 57.6521086343021
11.889999999999999 10.25 7.379999999999999 64.11660734118462 -40.10402827253987 69.31543786657998
11.889999999999999 10.25 8.2 68.48089362070286 -38.72647108888528 80.41694399712479
11.889999999999999 10.25 9.02 77.08434830738561 -38.22976893602365 91.86033710972406
11.889999999999999 10.25 9.84 92.33495621393843 -38.53094688923559 104.54665464764805
11.889999999999999 10.25 10.66 118.86382072383458 -39.01876877748918 118.9201906864103
11.889999999999999 10.25 11.48 167.13786824301258 -38.18149422829522 132.1207187784623
11.889999999999999 11.07 4.92 75.1908643965837 -50.518802065075676 30.668405127292356
11.889999999999999 11.07 5.74 72.94400843468874 -48.74652633396723 46.65961751553648
11.889999999999999 11.07 6.56 70.58849877426482 -46.56401206494926 59.756671718024464
11.889999999999999 11.07 7.379999999999999 69.72958899242012 -44.90055728379783 70.78479362006946
11.889999999999999 11.07 8.2 71.72118242013782 -44.38617323304617 80.81125015345359
11.889999999999999 11.07 9.02 78.06642612079308 -45.425793992236905 91.00168706278296
11.889999999999999 11.07 9.84 91.12504597082058 -48.215714915744925 102.63027652036595
11.889999999999999 11.07 10.66 115.67969910868534 -52.5539887275433 116.91107301328576
11.889999999999999 11.07 11.48 163.16699979112215 -57.07420561978365 132.53764410547788
11.889999999999999 11.889999999999999 4.92 89.83481105470746 -52.32486879903631 31.92825402531735
11.889999999999999 11.889999999999999 5.74 84.42067174430271 -50.42952025449127 48.8102202932711
11.889999999999999 11.889999999999999 6.56 78.88344801618504 -48.412985528505516 61.636961737969045
11.889999999999999 11.889999999999999 7.379999999999999 75.04633503168185 -47.29103690659592 71.57538027922841
11.889999999999999 11.889999999999999 8.2 74.2257181651089 -47.796258558259076 79.92756335423168
11.889999999999999 11.889999999999999 9.02 77.72755437564722 -50.55360309977239 87.973562983414
11.889999999999999 11.889999999999999 9.84 87.576956836343 -56.27584590107528 97.05248353334454
11.889999999999999 11.889999999999999 10.66 108.07773737661677 -65.9677704047961 108.67877827542354
11.889999999999999 11.889999999999999 11.48 150.41753609994984 -80.91071405037556 123.27454866558875
11.889999999999999 12.709999999999999 4.92 104.53688836573947 -50.157543465470894 33.23663420327709
11.889999999999999 12.709999999999999 5.74 95.63163657343887 -48.556368136225274 50.76820615311628
11.889999999999999 12.709999999999999 6.56 86.67392205713493 -47.06980987145175 63.02921757582604
11.889999999999999 12.709999999999999 7.379999999999999 79.6596295761342 -46.7121131610913 71.52966948689415
11.889999999999999 12.709999999999999 8.2 75.78686832236767 -48.25527196430603 77.73492384040716
11.889999999999999 12.709999999999999 9.02 76.02075976772107 -52.46282606567977 82.84440573231744
11.889999999999999 12.709999999999999 9.84 81.70437715170851 -60.41828401051104 87.76558833464509
11.889999999999999 12.709999999999999 10.66 95.55102693667726 -74.11837802331439 92.93318269761103
11.889999999999999 12.709999999999999 11.48 123.99152477785547 -97.77346059578257 96.59144013578494
11.889999999999999 13.530000000000001 4.92 117.55784359417261 -43.74528465736704 34.126706127891836
11.889999999999999 13.530000000000001 5.74 105.36773929038468 -42.92271740803712 52.07932948791537
11.889999999999999 13.530000000000001 6.56 93.18119015862032 -42.3552193446795 63.61831242974222
11.889999999999999 13.530000000000001 7.379999999999999 83.13466520154005 -42.950077803951935 70.55685762276875
11.889999999999999 13.530000000000001 8.2 76.28214611349675 -45.4134812696895 74.47628097770804
11.889999999999999 13.530000000000001 9.02 73.20541163972403 -50.44815621594947 76.42816941080075
11.889999999999999 13.530000000000001 9.84 74.46715028578758 -59.004268963299396 76.77778123111435
11.889999999999999 13.530000000000001 10.66 80.9477657793751 -72.5953592260534 74.72619185295368
11.889999999999999 13.530000000000001 11.48 93.88038488232172 -93.42126334709569 66.56831628049368
11.889999999999999 14.35 4.92 127.30355304033587 -33.70201093787035 34.188566981790146
11.889999999999999 14.35 5.74 112.51261355091192 -33.97518400693254 52.344381287483195
11.889999999999999 14.35 6.56 97.68912636330077 -34.59316871899928 63.14516979563733
11.889999999999999 14.35 7.379999999999999 85.0911667997188 -36.24966651883574 68.63969964113525
11.889999999999999 14.35 8.2 75.66022968273606 -39.479130421761774 70.51816096754615
11.889999999999999 14.35 9.02 69.67120923805324 -44.7600954878078 69.77662907852441
11.889999999999999 14.35 9.84 67.11359614194703 -52.59506269201146 66.57589883020334
11.889999999999999 14.35 10.66 67.78506488144285 -63.443092431095124 59.961117510226934
11.889999999999999 14.35 11.48 70.95155988667952 -77.09584144493891 47.295854049084106
11.889999999999999 15.17 4.92 132.83343779214016 -21.146953540267415 33.267174479349364
11.889999999999999 15.17 5.74 116.33572804121962 -22.591603617873766 51.365358767933245
11.889999999999999 15.17 6.56 99.69742747269188 -24.490771731505916 61.47532531623516
11.889999999999999 15.17 7.379999999999999 85.2587037207767 -27.24259451584504 65.79887121651235
11.889999999999999 15.17 8.2 73.8927348831772 -31.142945693328652 66.13089528945805
11.889999999999999 15.17 9.02 65.68855587700247 -36.402512504573565 63.52741336318154
11.889999999999999 15.17 9.84 60.33740247870242 -43.11139057796153 58.25930544997229
11.889999999999999 15.17 10.66 57.23716101252423 -51.05306143981028 49.81557762237848
11.889999999999999 15.17 11.48 55.34894729218623 -59.20726265734665 37.020895980161136
12.709999999999999 8.61 4.92 35.25094943878724 -23.824913049413603 32.24023552236974
12.709999999999999 8.61 5.74 38.828600989367196 -23.512325388180383 44.7885021932927
12.709999999999999 8.61 6.56 42.83649332774748 -22.483255675901155 57.68349631482474
12.709999999999999 8.61 7.379999999999999 48.044068916829936 -21.072344858336734 71.22945541946478
12.709999999999999 8.61 8.2 55.37671393579619 -19.542323189381932 86.02206823375847
12.709999999999999 8.61 9.02 66.04071152330074 -18.03570400707498 102.9875591877975
12.709999999999999 8.61 9.84 81.82791507990038 -16.520441190060858 123.62113459982571
12.709999999999999 8.61 10.66 105.89636906374228 -14.72443119886967 150.9365508827423
12.709999999999999 8.61 11.48 145.25399827611048 -12.097052151338199 194.00293943497496
12.709999999999999 9.43 4.92 42.962785122266865 -29.78840094959041 31.879240933093822
12.709999999999999 9.43 5.74 45.717275282643364 -29.812777963384697 45.30248069860708
12.709999999999999 9.43 6.56 48.67008107543927 -29.233010848990578 58.66256044821666
12.709999999999999 9.43 7.379999999999999 52.74124095150248 -28.49025979270356 72.33178725235686
12.709999999999999 9.43 8.2 58.956698910076746 -27.901090531296884 87.0369844158338
12.709999999999999 9.43 9.02 68.59621625278885 -27.584628398490164 103.90630020535033
12.709999999999999 9.43 9.84 83.54073101936196 -27.34543178105755 124.74182378469571
12.709999999999999 9.43 10.66 107.11429956906146 -26.472328769060162 152.9902031556788
12.709999999999999 9.43 11.48 146.64014715640067 -23.4974032207141 198.18619958220665
12.709999999999999 10.25 4.92 51.80835980912415 -34.93410284752053 31.24903404817603
12.709999999999999 10.25 5.74 53.37902361611654 -35.19571178705042 45.48364749192437
12.709999999999999 10.25 6.56 54.89441778262733 -35.01848136536337 59.10656483521197
12.709999999999999 10.25 7.379999999999999 57.45205466556157 -34.97590035036064 72.59636343902622
12.709999999999999 10.25 8.2 62.18036301045996 -35.494749084041416 86.85448985442984
12.709999999999999 10.25 9.02 70.4273732358354 -36.79090179424696 103.28223816357819
12.709999999999999 10.25 9.84 84.18273599662908 -38.717402795068814 124.16522659223698
12.709999999999999 10.25 10.66 107.05753219722163 -40.36386334453093 153.83952644423258
12.709999999999999 10.25 11.48 147.09485436082213 -39.15784870124705 203.25795348499508
12.709999999999999 11.07 4.92 61.62759657383377 -38.565389487983566 30.44840457266538
12.709999999999999 11.07 5.74 61.633253775302315 -39.02318275916194 45.3793282852193
12.709999999999999 11.07 6.56 61.329348633698544 -39.258761084306975 59.00006152903217
12.709999999999999 11.07 7.379999999999999 62.0028254304005 -39.98654903516249 71.90898849810644
12.709999999999999 11.07 8.2 64.85866433933057 -41.800017297846104 85.16327123981813
12.709999999999999 11.07 9.02 71.25829151089881 -45.178875934003266 100.38462361375645
12.709999999999999 11.07 9.84 83.22791757855848 -50.4367197353398 120.3239227234949
12.709999999999999 11.07 10.66 104.65412247832609 -57.351802959848 150.5845375859113
12.709999999999999 11.07 11.48 144.78118096962126 -63.490846936968445 205.63870516681598
12.709999999999999 11.889999999999999 4.92 71.95878833472848 -39.96385629736246 29.509343201429292
12.709999999999999 11.889999999999999 5.74 70.07817261607431 -40.656162520080116 44.96966696477445
12.709999999999999 11.889999999999999 6.56 67.65001862220176 -41.36360086694797 58.291852574241524
12.709999999999999 11.889999999999999 7.379999999999999 66.1422297296406 -42.91112566752758 70.17678410973929
12.709999999999999 11.889999999999999 8.2 66.78404045395845 -46.066856692202755 81.74498138414894
12.709999999999999 11.889999999999999 9.02 70.84025078048798 -51.67506413514643 94.59947586593304
12.709999999999999 11.889999999999999 9.84 80.14456627478484 -60.90797015230993 111.42646797436709
12.709999999999999 11.889999999999999 10.66 98.3746722321146 -75.73847293184151 138.1441113292386
12.709999999999999 11.889999999999999 11.48 135.29383743537397 -99.60888943556539 193.04927528705815
12.709999999999999 12.709999999999999 4.92 82.00394135742694 -38.58914733053731 28.380460320346362
12.709999999999999 12.709999999999999 5.74 78.08617150511448 -39.62155532073655 44.17118459585225
12.709999999999999 12.709999999999999 6.56 73.40179424411801 -40.881560916016525 56.9301557224079
12.709999999999999 12.709999999999999 7.379999999999999 69.57476963761947 -43.226505342878895 67.42492034604354
12.709999999999999 12.709999999999999 8.2 67.8017270848791 -47.51639209202165 76.72306983400041
12.709999999999999 12.709999999999999 9.02 69.13019310660044 -54.836174234027915 86.09618501679954
12.709999999999999 12.709999999999999 9.84 74.88982688162902 -66.99843331810466 97.25538422492568
12.709999999999999 12.709999999999999 10.66 87.52953278313284 -87.92444969921638 113.22163307255843
12.709999999999999 12.709999999999999 11.48 112.952093086763 -128.89263391656326 141.10012217086248
12.709999999999999 13.530000000000001 4.92 90.75833596861116 -34.29373549594231 26.958759951496614
12.709999999999999 13.530000000000001 5.74 84.90225626919549 -35.78130537858125 42.873729014675774
12.709999999999999 13.530000000000001 6.56 78.0692666361924 -37.65532803497717 54.89623358470752
12.709999999999999 13.530000000000001 7.379999999999999 72.00818993671346 -40.69741104944854 63.83022636979015
12.709999999999999 13.530000000000001 8.2 67.85132958517107 -45.70865753701741 70.63648364595441
12.709999999999999 13.530000000000001 9.02 66.37818249255237 -53.7032530603649 76.15216248246693
12.709999999999999 13.530000000000001 9.84 68.29961028643875 -66.29763378550452 80.89526808792603
12.709999999999999 13.530000000000001 10.66 74.52553696977327 -86.53100379588528 84.55954353110712
12.709999999999999 13.530000000000001 11.48 86.25538063772679 -120.55270293378594 83.73521819063005
12.709999999999999 14.35 4.92 97.2818503099789 -27.394570215102842 25.16458433642022
12.709999999999999 14.35 5.74 89.82045874304451 -29.394194368099225 40.998854122978564
12.709999999999999 14.35 6.56 81.17837939353899 -31.893510800444233 52.218499924652875
12.709999999999999 14.35 7.379999999999999 73.1954417675441 -35.49695727490907 59.651821016157164
12.709999999999999 14.35 8.2 66.94085016763769 -40.80999735285798 64.18602318632486
12.709999999999999 14.35 9.02 62.96889649248688 -48.5309027684159 66.3893086560033
12.709999999999999 14.35 9.84 61.526625635878574 -59.57031137953098 66.19593635648728
12.709999999999999 14.35 10.66 62.604422354317606 -75.08502276820847 62.35389685860158
12.709999999999999 14.35 11.48 65.64610758197554 -95.86943274879515 51.2600322587654
12.709999999999999 15.17 4.92 100.92505445514458 -18.534302040581565 22.99565088621198
12.709999999999999 15.17 5.74 92.33130445806756 -21.02624826998019 38.535493365845106
12.709999999999999 15.17 6.56 82.37927069847889 -24.114841310722355 48.959109762706525
12.709999999999999 15.17 7.379999999999999 72.95803525720135 -28.16315294723723 55.11704585940764
12.709999999999999 15.17 8.2 65.08853749583106 -33.516330171953385 57.886946811001074
12.709999999999999 15.17 9.02 59.18320186638156 -40.50539711816678 57.78750778761235
12.709999999999999 15.17 9.84 55.24767168049172 -49.39874954066812 54.742676119883676
12.709999999999999 15.17 10.66 52.939086009953364 -60.17169635686475 47.87108458627527
12.709999999999999 15.17 11.48 51.4454586238154 -71.81707509115394 35.3899139631503
13.530000000000001 8.61 4.92 28.656898056629775 -17.289713709168872 35.84854147414961
13.530000000000001 8.61 5.74 32.1848175894944 -17.543622096641347 48.49873300480345
13.530000000000001 8.61 6.56 36.04252360663276 -17.283302233423385 62.09934598073779
13.530000000000001 8.61 7.379999999999999 40.77458502197439 -16.725544170489282 77.069452614521
13.530000000000001 8.61 8.2 47.003385566225525 -16.049139363323956 94.14443546009726
13.530000000000001 8.61 9.02 55.39638728826315 -15.335714584435722 114.4622643290883
13.530000000000001 8.61 9.84 66.55490603754977 -14.493577105020115 139.83520286862483
13.530000000000001 8.61 10.66 80.51462023894946 -13.167899002530927 173.50639756645447
13.530000000000001 8.61 11.48 94.38058236535906 -10.70432067754549 221.94373838161593
13.530000000000001 9.43 4.92 34.980799231877306 -22.39331933926116 34.969338057511656
13.530000000000001 9.43 5.74 37.91918061185712 -23.239688425929888 48.19295176839386
13.530000000000001 9.43 6.56 40.981395869221714 -23.72065233688946 62.10740108983445
13.530000000000001 9.43 7.379999999999999 44.8260475539818 -24.134277329116188 77.16041396051776
13.530000000000001 9.43 8.2 50.15924601446547 -24.69941449504839 94.18645231007324
13.530000000000001 9.43 9.02 57.715428969389805 -25.45821329411728 114.51969403275382
13.530000000000001 9.43 9.84 68.1710949972229 -26.11163932676565 140.31309978069467
13.530000000000001 9.43 10.66 81.66770020406604 -25.751113659012834 175.3110515132452
13.530000000000001 9.43 11.48 95.41184152946141 -22.578778683717164 226.44665244056344
13.530000000000001 10.25 4.92 41.89637896906048 -26.766931056020862 33.579877685668286
13.530000000000001 10.25 5.74 44.047230752535306 -28.13026013790239 47.26439907583688
13.530000000000001 10.25 6.56 46.08164000076385 -29.316755127446704 61.27356795994336
13.530000000000001 10.25 7.379999999999999 48.78950579960535 -30.740542427157326 76.10229193018648
13.530000000000001 10.25 8.2 52.96841584795142 -32.73612653628878 92.71688059248082
13.530000000000001 10.25 9.02 59.428370680466664 -35.45815219853765 112.72738783529108
13.530000000000001 10.25 9.84 68.95284793715949 -38.65654076324569 138.85360183869483
13.530000000000001 10.25 10.66 81.88652485556658 -41.131487331133314 175.9330942092392
13.530000000000001 10.25 11.48 95.73919283765936 -39.59509293359117 232.5272933204541
13.530000000000001 11.07 4.92 49.23075799648404 -29.905068924209605 31.762754737598673
13.530000000000001 11.07 5.74 50.39448211691573 -31.726763148285084 45.761193504203106
13.530000000000001 11.07 6.56 51.17829924634811 -33.596829115694085 59.592536639458054
13.530000000000001 11.07 7.379999999999999 52.510071707701115 -36.06920220662303 73.78304272879306
13.530000000000001 11.07 8.2 55.26786000704272 -39.675156137840965 89.38797563652345
13.530000000000001 11.07 9.02 60.31429618518684 -44.89614892323956 108.22503223145054
13.530000000000001 11.07 9.84 68.52356170929433 -52.043802073653694 133.5818842876575
13.530000000000001 11.07 10.66 80.50415355393976 -60.70205451979222 171.9522660292519
13.530000000000001 11.07 11.48 94.40449366561026 -67.41893166361967 236.33323128797815
13.530000000000001 11.889999999999999 4.92 56.64729384597814 -31.330767317425675 29.58720818396588
13.530000000000001 11.889999999999999 5.74 56.66260726960985 -33.56284798433987 43.721948468879226
13.530000000000001 11.889999999999999 6.56 56.02367922459684 -36.07743720391154 57.077463686638055
13.530000000000001 11.889999999999999 7.379999999999999 55.789459877843534 -39.55402554744529 70.16150153987434
13.530000000000001 11.889999999999999 8.2 56.888370564432535 -44.74528298100301 83.98922441185591
13.530000000000001 11.889999999999999 9.02 60.175598225019776 -52.59667113456426 100.2873704363578
13.530000000000001 11.889999999999999 9.84 66.51486051370004 -64.50007294508669 122.2736781991121
13.530000000000001 11.889999999999999 10.66 76.66793972610375 -82.75589442900241 157.0613146826202
13.530000000000001 11.889999999999999 11.48 89.66763250172679 -110.78434958159723 223.32938404109643
13.530000000000001 12.709999999999999 4.92 63.643214371645605 -30.705836254445344 27.111508605161955
13.530000000000001 12.709999999999999 5.74 62.436834331382215 -33.29944959889865 41.193344027682365
13.530000000000001 12.709999999999999 6.56 60.30321249022597 -36.3782319519584 53.807420414934185
13.530000000000001 12.709999999999999 7.379999999999999 58.41380683425547 -40.67972490961816 65.38504436676403
13.530000000000001 12.709999999999999 8.2 57.70962150317501 -47.08981954160452 76.7503684739877
13.530000000000001 12.709999999999999 9.02 58.96394901050777 -56.8756244771587 89.14305041962562
13.530000000000001 12.709999999999999 9.84 62.871874433011044 -72.26858955103123 104.5564138810616
13.530000000000001 12.709999999999999 10.66 70.01537830230247 -98.11799600345952 126.7398364823893
13.530000000000001 12.709999999999999 11.48 79.99619457949365 -147.8035009686407 163.31529483674024
13.530000000000001 13.530000000000001 4.92 69.62145405102477 -27.934853066140597 24.393954358405864
13.530000000000001 13.530000000000001 5.74 67.2424046522414 -30.826300194985915 38.24472820231625
13.530000000000001 13.530000000000001 6.56 63.677254665433765 -34.34504286352991 49.94229846155499
13.530000000000001 13.530000000000001 7.379999999999999 60.18489352977529 -39.18289801742711 59.81282487573641
13.530000000000001 13.530000000000001 8.2 57.69099849163886 -46.18452979010649 68.42721782897536
13.530000000000001 13.530000000000001 9.02 56.8440807467046 -56.55591930467336 76.40225345323722
13.530000000000001 13.530000000000001 9.84 58.08162769446667 -72.3263812115215 84.18747682418302
13.530000000000001 13.530000000000001 10.66 61.578599541703284 -97.37093049690644 91.4025539925369
13.530000000000001 13.530000000000001 11.48 66.77077427398207 -139.42756525315988 93.75934702073211
13.530000000000001 14.35 4.92 74.01616734059542 -23.201118967975443 21.507664108674163
13.530000000000001 14.35 5.74 70.63328401866778 -26.30519031318917 34.97188194380576
13.530000000000001 14.35 6.56 65.83567989932905 -30.117566961058504 45.690592793454414
13.530000000000001 14.35 7.379999999999999 60.94170216684279 -35.18655054472772 53.899706427659716
13.530000000000001 14.35 8.2 56.85142384081955 -42.15856063898719 59.97643935971206
13.530000000000001 14.35 9.02 54.097927163407334 -51.87413766431445 64.12438181701765
13.530000000000001 14.35 9.84 52.90361692882976 -65.50630685848336 65.99119313658136
13.530000000000001 14.35 10.66 53.140447480747035 -84.61397226968974 63.926342731438886
13.530000000000001 14.35 11.48 54.08078000812941 -110.39770682057025 53.40681866491437
13.530000000000001 15.17 4.92 76.40220294139411 -16.911719663412647 18.544567616485942
13.530000000000001 15.17 5.74 72.26949807034624 -20.131128363597202 31.48526124987507
13.530000000000001 15.17 6.56 66.54286781208847 -24.10174487936361 41.25145037224469
13.530000000000001 15.17 7.379999999999999 60.56901790682824 -29.170474349786822 48.028546251434165
13.530000000000001 15.17 8.2 55.222253361813586 -35.717427035267484 52.11017476289658
13.530000000000001 15.17 9.02 50.958381498611004 -44.155188584963135 53.57748019976797
13.530000000000001 15.17 9.84 47.88354180076515 -54.866721982412365 52.00308535090189
13.530000000000001 15.17 10.66 45.7644233582706 -67.92605318267192 46.121426232193684
13.530000000000001 15.17 11.48 43.95560976973819 -82.24539573836603 33.60936185500469
14.35 8.61 4.92 21.524155608801294 -11.739086401469786 39.25397443685198
14.35 8.61 5.74 24.739484298212318 -12.448365231604173 51.97583762143341
14.35 8.61 6.56 28.123106126792774 -12.807573847604642 66.03774766217171
14.35 8.61 7.379999999999999 31.997830067671412 -12.943434659836324 81.92462723884631
14.35 8.61 8.2 36.689269935603996 -12.969164753715418 100.36679584356965
14.35 8.61 9.02 42.3827660750566 -12.918053817092085 122.34336749696067
14.35 8.61 9.84 48.80707259430662 -12.655948649818693 149.07268478233777
14.35 8.61 10.66 54.46980506268069 -11.787193069120812 181.84080555210286
14.35 8.61 11.48 54.89856442654274 -9.64976315274891 220.95112343101025
14.35 9.43 4.92 26.857859941892766 -16.402132507297647 37.99279684782887
14.35 9.43 5.74 29.596574694963394 -17.8351223852253 51.044022874263064
14.35 9.43 6.56 32.342958357959645 -19.107113495924025 65.28743778382263
14.35 9.43 7.379999999999999 35.50604020443997 -20.409157965593106 81.21099056910647
14.35 9.43 8.2 39.47582458974648 -21.879502315624922 99.62319826088056
14.35 9.43 9.02 44.489369746301456 -23.491546847189696 121.6937101340568
14.35 9.43 9.84 50.32652457492083 -24.86410862274635 148.99214694793557
14.35 9.43 10.66 55.54622298003506 -24.974870689982815 183.30636159068845
14.35 9.43 11.48 55.68602959303525 -21.934262512603674 225.298210713489
14.35 10.25 4.92 32.41935324808153 -20.451361551027478 36.10920423896111
14.35 10.25 5.74 34.598027165245696 -22.541083502272745 49.33237310104665
14.35 10.25 6.56 36.586606784261576 -24.68972621187708 63.5097268021239
14.35 10.25 7.379999999999999 38.8916664694589 -27.19474194031281 79.14549110596938
14.35 10.25 8.2 41.978427600835126 -30.307499498765296 97.15769338247453
14.35 10.25 9.02 46.15132987163641 -34.11117148375959 118.99674478811438
14.35 10.25 9.84 51.27395619651768 -38.25125602854903 146.8426170671591
14.35 10.25 10.66 56.02010296064095 -41.33111515997912 183.6325976517844
14.35 10.25 11.48 56.01491854804484 -39.786562726052665 231.54617382525308
14.35 11.07 4.92 38.06222199454067 -23.483844295513087 33.678474746905586
14.35 11.07 5.74 39.59472200634338 -26.16008137617547 46.89424057887513
14.35 11.07 6.56 40.71232890989194 -29.14093164937703 60.71055487069224
14.35 11.07 7.379999999999999 42.0224972669423 -32.86448244109015 75.62150134251654
14.35 11.07 8.2 44.06468356124943 -37.79252384743654 92.60350594914371
14.35 11.07 9.02 47.210856414305766 -44.35886643231962 113.32202754719378
14.35 11.07 9.84 51.42744992008164 -52.78916222730317 140.60496520114313
14.35 11.07 10.66 55.58260963533269 -62.41551871454579 179.22411650057896
14.35 11.07 11.48 55.57021849082588 -69.18421514621689 235.8711042884479
14.35 11.889999999999999 4.92 43.557235003912396 -25.14614083466989 30.787679364610252
14.35 11.889999999999999 5.74 44.373699871692914 -28.31654505230494 43.80243974478371
14.35 11.889999999999999 6.56 44.5351951943439 -32.03362127685432 56.94378658067046
14.35 11.889999999999999 7.379999999999999 44.74423764485358 -36.87268920376502 70.63223758941979
14.35 11.889999999999999 8.2 45.601024580905325 -43.54340807275515 85.75800461555609
14.35 11.889999999999999 9.02 47.52613704750986 -52.99082387009513 103.88792152555028
14.35 11.889999999999999 9.84 50.581787472493936 -66.5924457421916 127.87112287321614
14.35 11.889999999999999 10.66 53.91084932011062 -86.43550700505118 163.44804665297139
14.35 11.889999999999999 11.48 54.06223073706642 -114.89111801816614 223.7549777242926
14.35 12.709999999999999 4.92 48.59211566037864 -25.197463429297933 27.545028862752382
14.35 12.709999999999999 5.74 48.66329317102745 -28.73742387225589 40.17315547964676
14.35 12.709999999999999 6.56 47.83780866369262 -33.02027475149292 52.36615998776143
14.35 12.709999999999999 7.379999999999999 46.89946670583747 -38.69887271523807 64.40260151836263
14.35 12.709999999999999 8.2 46.487999308802074 -46.64423250504556 76.91897161955139
14.35 12.709999999999999 9.02 47.041008254630455 -58.17010563299636 90.9580217235377
14.35 12.709999999999999 9.84 48.679920894055776 -75.58065482780115 108.19877742204314
14.35 12.709999999999999 10.66 50.856246692304595 -103.65425226433507 131.48126407158767
14.35 12.709999999999999 11.48 51.37009094694311 -154.63127325676774 165.29755832889074
14.35 13.530000000000001 4.92 52.80860969761053 -23.565793462472957 24.08147165110089
14.35 13.530000000000001 5.74 52.16365082456225 -27.322730189788157 36.170183479857634
14.35 13.530000000000001 6.56 50.39443290466075 -31.94166418738919 47.24336822314507
14.35 13.530000000000001 7.379999999999999 48.34733316930885 -38.05301311381304 57.40825847851461
14.35 13.530000000000001 8.2 46.68107436299216 -46.50539744687503 66.97943768095837
14.35 13.530000000000001 9.02 45.82224308708969 -58.57112844169367 76.32027906648955
14.35 13.530000000000001 9.84 45.90379313502563 -76.38758097118927 85.56746550859876
14.35 13.530000000000001 10.66 46.59289377287127 -103.8772260355174 93.74388969989776
14.35 13.530000000000001 11.48 46.731278658188046 -148.30384654947886 95.24798724085099
14.35 14.35 4.92 55.863937752576504 -20.369050478249665 20.542925860630934
14.35 14.35 5.74 54.59273688671791 -24.180522791570546 31.984989320468046
14.35 14.35 6.56 52.000769974424976 -28.893858058007904 41.894435075948756
14.35 14.35 7.379999999999999 48.97600512913596 -35.02121071070103 50.23332394894114
14.35 14.35 8.2 46.181892710598774 -43.22115921446029 57.06465605442926
14.35 14.35 9.02 44.02262763289347 -54.39039110276617 62.29011663221069
14.35 14.35 9.84 42.6180268075953 -69.78157305426072 65.2359163084527
14.35 14.35 10.66 41.73618942654052 -90.98723706655338 63.80781262178657
14.35 14.35 11.48 40.683393399586315 -118.99183520845368 52.81171377756388
14.35 15.17 4.92 57.488116619756234 -15.889689619417105 17.074320230009857
14.35 15.17 5.74 55.728816879649884 -19.607671559573138 27.802476780217916
14.35 15.17 6.56 52.499299768963255 -24.21292180046228 36.608735082996255
14.35 15.17 7.379999999999999 48.70672840206672 -30.043859874297826 43.36908096733286
14.35 15.17 8.2 45.01030106751682 -37.497235163171105 48.02734027190891
14.35 15.17 9.02 41.7950675784956 -47.02062042332135 50.33941068487032
14.35 15.17 9.84 39.172950983056026 -59.0291629704336 49.56950098041771
14.35 15.17 10.66 36.974197603112785 -73.57494051358125 44.118290134259574
14.35 15.17 11.48 34.735349283006585 -89.39147993646115 31.291442088408996
15.17 8.61 4.92 14.151304436880778 -6.843657692113245 42.272196687145104
15.17 8.61 5.74 16.88182380298945 -7.998181159515437 54.97569097299008
15.17 8.61 6.56 19.580959382567027 -8.911831225598748 69.22048199240332
15.17 8.61 7.379999999999999 22.40675075044171 -9.644031368849877 85.52851740074179
15.17 8.61 8.2 25.500265885530784 -10.262576836600276 104.5465330347488
15.17 8.61 9.02 28.825075791363705 -10.769521463323985 126.94668452351742
15.17 8.61 9.84 31.892943844744195 -11.007294043867715 153.1948994284315
15.17 8.61 10.66 33.32054936089752 -10.566146548914938 182.99158653676628
15.17 8.61 11.48 30.353261000372164 -8.798073423265675 214.04871819718386
15.17 9.43 4.92 18.85176495442528 -11.368430302311582 40.653899294150264
15.17 9.43 5.74 21.11880496295857 -13.27594627132213 53.50808028221304
15.17 9.43 6.56 23.25404283959765 -15.175566275253615 67.84222434165476
15.17 9.43 7.379999999999999 25.478945860475733 -17.178055405458178 84.15823179664905
15.17 9.43 8.2 27.97775939420541 -19.36060009861576 103.16452967762531
15.17 9.43 9.02 30.74611969565717 -21.644727926211516 125.71680641637539
15.17 9.43 9.84 33.32332240722789 -23.59477718467355 152.63016314486998
15.17 9.43 10.66 34.34570866030089 -24.13276454343129 184.08986314239445
15.17 9.43 11.48 31.04856462139901 -21.356005232774123 218.1010247640516
15.17 10.25 4.92 23.519277279830604 -15.386581278713814 38.40097221984753
15.17 10.25 5.74 25.336603563217622 -17.989549764962074 51.20611581355571
15.17 10.25 6.56 26.879747159155407 -20.837772974076994 65.34788035625068
15.17 10.25 7.379999999999999 28.442941986841205 -24.142117361436895 81.32405559378026
15.17 10.25 8.2 30.266491397526668 -28.085492460590718 99.93899733825462
15.17 10.25 9.02 32.39566606709345 -32.686687815616516 122.33097581475181
15.17 10.25 9.84 34.42434606987097 -37.50784742539372 149.94075509247477
15.17 10.25 10.66 35.046062983198695 -41.03688725777591 184.1001500467136
15.17 10.25 11.48 31.5121283433187 -39.62081827919194 224.22816684327012
15.17 11.07 4.92 28.05199655099709 -18.539956291168565 35.573906321614224
15.17 11.07 5.74 29.41911073556021 -21.770183777692985 48.12221670542591
15.17 11.07 6.56 30.341394484131275 -25.512720860279764 61.750523512417615
15.17 11.07 7.379999999999999 31.188081359572923 -30.120381735634307 76.92608584670846
15.17 11.07 8.2 32.26042874971779 -35.989211534721846 94.49931452792697
15.17 11.07 9.02 33.664148657500796 -43.48801950567918 115.83561840143383
15.17 11.07 9.84 35.075421721270295 -52.73724062019571 143.07074353148587
15.17 11.07 10.66 35.3053362742775 -62.86644419106162 179.42539123406308
15.17 11.07 11.48 31.698793339493886 -69.5363520105214 228.7237012391385
15.17 11.889999999999999 4.92 32.31067842349025 -20.5369296119192 32.257243670811974
15.17 11.889999999999999 5.74 33.22211926588141 -24.28737528449131 44.341860714809094
15.17 11.889999999999999 6.56 33.50332873707782 -28.800659785788113 57.12548855669462
15.17 11.889999999999999 7.379999999999999 33.59418421074436 -34.57542575971929 70.97903837537442
15.17 11.889999999999999 8.2 33.85358559413184 -42.26735993539084 86.65293130085892
15.17 11.889999999999999 9.02 34.449831601112784 -52.768583831963795 105.43442190003265
15.17 11.889999999999999 9.84 35.16684451377276 -67.34468133587872 129.57283844371807
15.17 11.889999999999999 10.66 35.028762507622986 -87.77432549147763 163.4565422893786
15.17 11.889999999999999 11.48 31.700620916601963 -115.68424044683147 217.46866372982416
15.17 12.709999999999999 4.92 36.111858110117915 -21.18676612918374 28.57388342194351
15.17 12.709999999999999 5.74 36.57177797947937 -25.300926578552314 40.01263759117319
15.17 12.709999999999999 6.56 36.21479533901084 -30.368351138495367 51.67120733810762
15.17 12.709999999999999 7.379999999999999 35.54164136525177 -36.979319261663846 63.75309689985359
15.17 12.709999999999999 8.2 34.958922684655924 -45.96739247988441 76.73792601638257
15.17 12.709999999999999 9.02 34.69011727380844 -58.6136439234475 91.41098232299703
15.17 12.709999999999999 9.84 34.63809242738138 -77.12900036369658 108.98071470026684
15.17 12.709999999999999 10.66 34.13695665310584 -105.95197405186356 131.34575006973694
15.17 12.709999999999999 11.48 31.604643231047135 -156.20932528944786 161.32086948894928
15.17 13.530000000000001 4.92 39.2450275916981 -20.43058234136879 24.68290754507457
15.17 13.530000000000001 5.74 39.27936863593905 -24.714627842895624 35.344430174410526
15.17 13.530000000000001 6.56 38.32264804751397 -30.049885502610863 45.71189712965792
15.17 13.530000000000001 7.379999999999999 36.92296463451721 -37.02139297628947 55.79191055750034
15.17 13.530000000000001 8.2 35.52122768035884 -46.456245568016826 65.72288103511512
15.17 13.530000000000001 9.02 34.381070254388106 -59.613258366140606 75.62608453392066
15.17 13.530000000000001 9.84 33.50591857931008 -78.57345634999723 85.28344347546118
15.17 13.530000000000001 10.66 32.52026249038482 -107.02776566502304 93.16659305734322
15.17 13.530000000000001 11.48 30.586193270800308 -151.55088200659415 93.01205888214669
15.17 14.35 4.92 41.50462184869662 -18.35360291102681 20.762224869221768
15.17 14.35 5.74 41.165974879226454 -22.605818522241517 30.57857014853409
15.17 14.35 6.56 39.68817143682006 -27.91297120821056 39.630299333673705
15.17 14.35 7.379999999999999 37.65123315395557 -34.760467833607755 47.757291306663504
15.17 14.35 8.2 35.51687942331378 -43.7979608614168 54.82924724796733
15.17 14.35 9.02 33.572717095877906 -55.919474880042735 60.51379049628308
15.17 14.35 9.84 31.887647851002477 -72.3481960257039 63.855168173264026
15.17 14.35 10.66 30.268544006225667 -94.5516314097499 62.41565963295102
15.17 14.35 11.48 28.264305509685908 -123.20244259193319 50.67984191308926
15.17 15.17 4.92 42.722768429704225 -15.169735668330562 16.983244975055396
15.17 15.17 5.74 42.08737362823364 -19.213295867759705 25.942008814007973
15.17 15.17 6.56 40.20260103528928 -24.248886399345025 33.77074560596522
15.17 15.17 7.379999999999999 37.664037548385046 -30.607805551681544 40.2092650905753
15.17 15.17 8.2 34.94224262261276 -38.688211421114325 44.99805431084749
15.17 15.17 9.02 32.33696524469994 -48.93876212779679 47.66623352767889
15.17 15.17 9.84 29.95579373833875 -61.754440950352006 47.24052839060719
15.17 15.17 10.66 27.70680827672435 -77.1107277938699 41.87995163441137
15.17 15.17 11.48 25.322452273880998 -93.57494673502632 28.690114050990214
